acc = 0.763671875
accuracy = 0.763671875
auprc = 0.9104989451575156
auroc = 0.8805606617647059
eval_loss = 0.5091077983379364
f1 = 0.7979966611018364
f1_score = 0.7566453893744476
fn = 33
fp = 88
mcc = 0.5318738142626322
pre = 0.7308868501529052
rec = 0.8786764705882353
tn = 152
tp = 239
