acc = 0.90625
accuracy = 0.90625
auprc = 0.9704458622280352
auroc = 0.9569087009803922
eval_loss = 0.23247142136096954
f1 = 0.9107806691449815
f1_score = 0.9060076185231081
fn = 27
fp = 21
mcc = 0.8122653356254549
pre = 0.9210526315789473
rec = 0.9007352941176471
tn = 219
tp = 245
