acc = 0.9296875
accuracy = 0.9296875
auprc = 0.979110752280921
auroc = 0.9690257352941175
eval_loss = 0.18282102172573408
f1 = 0.9320754716981132
f1_score = 0.9296004888854938
fn = 25
fp = 11
mcc = 0.8605954262035816
pre = 0.9573643410852714
rec = 0.9080882352941176
tn = 229
tp = 247
