acc = 0.892578125
accuracy = 0.892578125
auprc = 0.9720182728274926
auroc = 0.9598192401960784
eval_loss = 0.24116949861248335
f1 = 0.9001814882032668
f1_score = 0.8919512092179125
fn = 24
fp = 31
mcc = 0.7842395964856473
pre = 0.8888888888888888
rec = 0.9117647058823529
tn = 209
tp = 248
