acc = 0.923828125
accuracy = 0.923828125
auprc = 0.9807673306277422
auroc = 0.9713694852941177
eval_loss = 0.1797335110604763
f1 = 0.9262759924385633
f1_score = 0.9237440568253423
fn = 27
fp = 12
mcc = 0.8490785539005162
pre = 0.953307392996109
rec = 0.9007352941176471
tn = 228
tp = 245
